1403636579963555584.000000 3.313178301 -1.415508866 -1.781742334 -0.587602675 -0.569789946 -0.393965989 0.418154597
1403636582463555584.000000 3.298495054 -1.426603317 -1.883139610 -0.601658285 -0.583339691 -0.381156564 0.390437990
1403636585013555456.000000 3.318126440 -1.392385960 -1.505436301 -0.587292492 -0.542109549 -0.440084726 0.409304529
1403636587913555456.000000 3.566401482 -1.434604645 -1.781451821 -0.684830666 -0.593984544 -0.299147934 0.297825128
1403636590663555584.000000 3.140127182 -1.502784729 -1.774198294 -0.652522683 -0.628329337 -0.282989204 0.315172166
1403636593463555584.000000 3.156501532 -1.356922269 -1.821439266 -0.591138303 -0.675014853 -0.225876331 0.379328996
1403636594213555456.000000 3.397920609 -1.591715455 -1.840642095 -0.722131789 -0.541661859 -0.313310981 0.294897318
1403636594663555584.000000 3.605293989 -1.419288278 -1.845016956 -0.725347579 -0.518348038 -0.353738099 0.282941103
1403636596263555584.000000 3.446319103 -1.596957803 -1.884852171 -0.685506165 -0.584723830 -0.314761549 0.298503876
1403636596563555584.000000 3.341123581 -1.704552531 -1.849814534 -0.677916944 -0.583523214 -0.326206475 0.305808216
1403636597013555456.000000 3.304445028 -1.667855740 -1.847998619 -0.667288542 -0.592734933 -0.335573405 0.301300228
1403636599813555456.000000 3.359952688 -1.259485722 -2.074515820 -0.522193253 -0.612060845 -0.365890115 0.467782199
1403636602663555584.000000 3.364003420 -1.261724710 -2.077613115 -0.524023592 -0.601139486 -0.365689605 0.479897618
1403636605163555584.000000 3.364053488 -1.261548638 -2.077687025 -0.524093628 -0.601050436 -0.365572363 0.480022103
1403636607663555584.000000 3.364021063 -1.261588454 -2.077727795 -0.523966014 -0.601171255 -0.365786940 0.479846478
1403636610163555584.000000 3.363975286 -1.261712909 -2.077706575 -0.524134934 -0.600994945 -0.365627050 0.480004728
1403636612663555584.000000 3.364622355 -1.261694670 -2.077791214 -0.523519397 -0.601515055 -0.366414130 0.479424387
1403636615163555584.000000 3.364584923 -1.261657596 -2.077841759 -0.523903012 -0.601012707 -0.366024584 0.479932636
1403636617663555584.000000 3.364575863 -1.261665463 -2.077804089 -0.523989260 -0.600960135 -0.365871847 0.480020791
1403636620163555584.000000 3.364571571 -1.261789799 -2.077924013 -0.524058998 -0.600811362 -0.365845531 0.480151027
1403636622663555584.000000 3.364706516 -1.261708498 -2.077952862 -0.524155080 -0.600708187 -0.365744293 0.480252236
1403636625263555584.000000 3.455959797 -1.339173555 -1.993948579 -0.535073221 -0.636290073 -0.364170313 0.419775605
1403636627813555456.000000 3.550180674 -1.287933350 -1.692216396 -0.545891345 -0.621897340 -0.365626335 0.426102936
1403636630663555584.000000 4.381637573 -0.763545394 -1.607043266 -0.659732103 -0.489574969 -0.461428314 0.334893882
1403636632663555584.000000 4.997908592 0.038561217 -1.729265451 -0.658543289 -0.503558815 -0.434094578 0.352577895
1403636634563555584.000000 5.426351070 1.173309088 -1.808794141 -0.589694738 -0.563624561 -0.416996658 0.400875568
1403636635713555456.000000 5.700948715 1.980647326 -1.798723340 -0.577557981 -0.589031458 -0.383864492 0.414869666
1403636635913555456.000000 5.752657890 2.136236191 -1.748441458 -0.581083238 -0.578392088 -0.381586760 0.426844835
1403636637863555584.000000 6.132151127 3.291964769 -1.499758840 -0.563921154 -0.596998572 -0.392544091 0.414119363
1403636638413555456.000000 6.134085178 3.553719997 -1.497572422 -0.569798470 -0.595125318 -0.380780786 0.419715941
1403636638863555584.000000 6.170401096 3.795477629 -1.539003253 -0.569276333 -0.600601614 -0.379739314 0.413521737
1403636641563555584.000000 6.760708332 5.296819210 -1.731931448 -0.534759343 -0.613649487 -0.376456112 0.442433715
1403636643563555584.000000 7.059716225 5.685692787 -1.725497246 -0.580056012 -0.587640285 -0.389242649 0.408294201
1403636643863555584.000000 7.117085457 5.768145084 -1.672469735 -0.583139181 -0.598197579 -0.380258620 0.396877468
1403636644663555584.000000 7.298838615 6.185184002 -1.723661184 -0.578255951 -0.566668272 -0.387749016 0.440633535
1403636647113555456.000000 8.343813896 7.933523178 -1.785151243 -0.659510493 -0.475320339 -0.466959327 0.347944617
1403636647463555584.000000 8.509298325 8.112017632 -1.750597239 -0.658350348 -0.475814700 -0.463068724 0.354601890
1403636647763555584.000000 8.655910492 8.234496117 -1.735872746 -0.655161977 -0.470242798 -0.466552824 0.363267154
1403636649513555456.000000 9.560391426 8.360983849 -1.703060269 -0.742164791 -0.337518245 -0.525398016 0.243371740
1403636649813555456.000000 9.691543579 8.350715637 -1.565138459 -0.739591539 -0.323010474 -0.535946965 0.247849718
1403636652313555456.000000 10.020194054 7.541359901 -1.553037882 -0.810760081 -0.095485665 -0.571652114 0.082247414
1403636654413555456.000000 10.142188072 6.532299519 -1.583859324 -0.811388850 -0.015779832 -0.584061503 0.016471736
1403636654763555584.000000 10.088547707 6.391877174 -1.532418132 0.818530619 -0.037072487 0.572963953 0.018592434
1403636655063555584.000000 10.046054840 6.284493446 -1.531773925 0.810160756 -0.052887447 0.582843602 0.033703860
1403636655463555584.000000 9.961701393 6.153707981 -1.573535442 0.798821449 -0.073942900 0.595648050 0.040252578
1403636657163555584.000000 9.339005470 5.404049397 -1.652026772 0.785886884 -0.162995607 0.587646723 0.102399759
1403636658813555456.000000 8.528461456 4.364070892 -1.828026414 0.806753755 -0.163048431 0.551594138 0.135305628
1403636659163555584.000000 8.431051254 4.159452438 -1.913208008 0.792594075 -0.168636486 0.571926653 0.127500474
1403636659913555456.000000 8.226694107 3.867510796 -2.079041481 0.797707200 -0.171914533 0.563304126 0.129603401
1403636662463555584.000000 8.265576363 4.042741299 -2.636837482 0.799573362 -0.169935107 0.560323000 0.133576632
1403636663313555456.000000 8.192543983 4.248100758 -2.763641834 0.812649071 -0.192714468 0.538236916 0.112976409
1403636663563555584.000000 8.203842163 4.242702484 -2.825827837 0.824282050 -0.178280011 0.520472050 0.133731693
1403636665013555456.000000 9.010215759 4.683444500 -3.075319052 0.803732932 -0.145096660 0.566549063 0.109464332
1403636667963555584.000000 10.227981567 6.148668289 -2.950818777 0.812209129 -0.153106242 0.556313932 0.085962951
1403636668613555456.000000 10.492115021 6.325620174 -3.057631254 0.810140729 -0.153543323 0.554656863 0.111589082
1403636668963555584.000000 10.670129776 6.442340374 -3.126003981 0.802480638 -0.141513154 0.563471854 0.136008486
1403636669813555456.000000 11.020190239 6.952208042 -3.209439039 0.777004480 -0.155812442 0.599158943 0.113995709
1403636670113555456.000000 11.042416573 7.162692547 -3.201129675 0.784352779 -0.186153963 0.588468313 0.061987270
1403636670513555456.000000 10.943932533 7.309109211 -3.163532019 0.777654350 -0.180808946 0.602091670 0.006899243
1403636673013555456.000000 9.411585808 5.017549992 -2.612225294 -0.815395653 -0.138169363 -0.556927204 0.076624557
1403636674413555456.000000 9.707254410 5.318174362 -2.669156313 -0.801022768 -0.174900100 -0.556715608 0.133567050
1403636677263555584.000000 10.818030357 7.283854008 -3.169182062 -0.695116758 -0.430154324 -0.496784031 0.291523069
1403636677663555584.000000 10.867397308 7.602981567 -3.223390818 -0.659464121 -0.450883538 -0.498149931 0.337131858
1403636680263555584.000000 10.759387970 8.383255005 -2.937504292 -0.368651718 -0.712869644 -0.318116814 0.504692554
1403636682813555456.000000 9.481994629 7.161395073 -2.836488724 -0.398579955 -0.704075038 -0.294263691 0.508744895
1403636685263555584.000000 8.392893791 5.566735744 -2.833429098 -0.387618601 -0.717491210 -0.287347406 0.502384007
1403636688113555456.000000 7.566586971 3.853344202 -3.003333092 -0.389944524 -0.713623226 -0.284781724 0.507528007
1403636689413555456.000000 7.252686024 3.196694613 -3.232127666 -0.371945441 -0.736052513 -0.251892954 0.506392539
1403636689663555584.000000 7.165266991 3.099824429 -3.171663046 -0.373950601 -0.739593148 -0.242054284 0.504552066
1403636690063555584.000000 7.028647900 3.019056320 -3.100822449 -0.391905576 -0.731438041 -0.223879039 0.511161983
1403636690463555584.000000 6.915073395 3.058257818 -3.040734768 -0.382768661 -0.737492919 -0.242987663 0.500549197
1403636690713555456.000000 6.841614723 3.126126051 -3.008287430 -0.395069778 -0.724117398 -0.225680128 0.518307328
1403636691063555584.000000 6.799281120 3.279994488 -3.053018093 -0.397553831 -0.688312471 -0.218746394 0.565974295
1403636691313555456.000000 6.880037308 3.405585766 -3.047776222 -0.368601680 -0.690756440 -0.255754977 0.567078352
1403636693413555456.000000 8.114674568 3.749401331 -2.367388487 -0.368836731 -0.744904220 -0.249948531 0.496591270
1403636694913555456.000000 8.186472893 4.090205669 -2.288810253 -0.369383007 -0.728090167 -0.245676532 0.522574425
1403636695913555456.000000 8.255311966 4.331125736 -2.288743019 -0.369800568 -0.727449536 -0.266232729 0.513015509
1403636698413555456.000000 7.948428631 4.047052383 -2.284283876 -0.467897534 -0.672326744 -0.333360523 0.466818541
1403636701013555456.000000 7.618214607 3.459528446 -2.738426208 -0.731352746 -0.372967690 -0.501020849 0.273854673
1403636702513555456.000000 8.037734985 3.252634287 -2.847406387 -0.767668962 -0.302386165 -0.523673117 0.212163836
1403636704863555584.000000 8.969395638 3.425346851 -3.239990234 -0.776965618 -0.319737971 -0.502202332 0.204658225
1403636705263555584.000000 9.203206062 3.576634169 -3.311724424 -0.762554288 -0.321994573 -0.520465434 0.209633812
1403636705663555584.000000 9.443512917 3.803317785 -3.351532459 -0.766665995 -0.322123289 -0.514910877 0.208150849
1403636706013555456.000000 9.657200813 4.042708874 -3.404331684 -0.759431481 -0.305010051 -0.524641275 0.234487340
1403636706163555584.000000 9.750808716 4.141014099 -3.407655716 -0.757481456 -0.299284846 -0.525599778 0.245754674
1403636707113555456.000000 10.308263779 4.722624779 -3.458682060 -0.759776533 -0.319508076 -0.526181340 0.209254444
1403636707413555456.000000 10.459231377 4.948082447 -3.419015408 -0.763754785 -0.314137369 -0.526526332 0.201907158
1403636710013555456.000000 11.620840073 6.870440483 -3.552239418 -0.755593777 -0.311410308 -0.540291965 0.200465426
1403636712813555456.000000 10.904737473 8.051466942 -3.465092659 -0.667869091 -0.433449388 -0.509397268 0.326476663
1403636715763555584.000000 9.530035019 6.957546711 -2.958765984 -0.619569421 -0.521555841 -0.436130404 0.392305404
1403636718463555584.000000 9.014233589 5.742992401 -2.959169865 -0.492861360 -0.652518213 -0.344433367 0.461165190
1403636721363555584.000000 8.315664291 4.495816708 -3.237397909 -0.523752630 -0.620428979 -0.361880124 0.458032548
1403636724213555456.000000 8.253673553 3.437815905 -3.239720821 -0.607169807 -0.557032108 -0.413589418 0.387303412
1403636726713555456.000000 8.035322189 2.861803770 -2.919742107 -0.639874518 -0.500151038 -0.434405178 0.389488995
1403636729663555584.000000 7.540275097 1.925379634 -2.358260870 -0.580955386 -0.566781759 -0.420957029 0.405023932
1403636732163555584.000000 7.034193993 1.238923788 -2.388240337 -0.587466359 -0.563050508 -0.412421167 0.409592718
1403636735063555584.000000 6.363840580 0.066447958 -2.178165674 -0.580997407 -0.581772566 -0.401107579 0.403850794
1403636738013555456.000000 5.563846111 -0.506178379 -1.872065067 -0.554146409 -0.608560562 -0.362706602 0.437058061
1403636740813555456.000000 5.861265659 -0.536268651 -2.152975559 -0.698460460 -0.424763769 -0.484954000 0.310722440
1403636743663555584.000000 6.198467731 -0.437222272 -2.921381474 -0.720123947 -0.411480188 -0.479879379 0.286044329
1403636746463555584.000000 6.770286560 0.073885098 -3.778622389 -0.710910261 -0.360754013 -0.543857038 0.262073785
1403636749413555456.000000 6.609295368 0.638967156 -3.202002764 -0.738154292 -0.338410199 -0.523283303 0.258420974
1403636749913555456.000000 6.656528950 0.649272919 -3.073372364 -0.724022925 -0.345853686 -0.538717568 0.256825805
1403636750913555456.000000 6.535378456 0.559035778 -2.772641897 -0.723351717 -0.373563886 -0.517425060 0.263597429
1403636753563555584.000000 6.323349953 0.531864107 -1.962643027 -0.573660314 -0.580780268 -0.415930510 0.400761664
1403636756263555584.000000 5.173083782 -0.128279626 -1.810385108 -0.527777433 -0.618445456 -0.383844554 0.437766641
1403636756763555584.000000 4.867674351 -0.305231094 -1.788935184 -0.523240685 -0.618849039 -0.383943975 0.442529202
1403636757013555456.000000 4.717638016 -0.417938918 -1.765917897 -0.522315502 -0.619708002 -0.382103533 0.444010794
1403636757363555584.000000 4.513484001 -0.598678827 -1.750461340 -0.522148490 -0.621832073 -0.380289227 0.442793459
1403636757713555456.000000 4.303493023 -0.794320524 -1.755783319 -0.519701600 -0.645596266 -0.361194044 0.427381188
1403636757963555584.000000 4.136867046 -0.905693233 -1.700590849 -0.516250432 -0.654372394 -0.345758200 0.430968106
1403636758313555456.000000 3.899259806 -1.017566085 -1.620373726 -0.501580477 -0.639581561 -0.357148796 0.460214406
1403636758663555584.000000 3.682300091 -1.126298785 -1.630292654 -0.532466412 -0.649489820 -0.312765896 0.443644106
1403636759163555584.000000 3.456335306 -1.169254541 -1.676412344 -0.516182482 -0.627628803 -0.339010268 0.474035710
1403636759563555584.000000 3.380620718 -1.199117184 -1.773363471 -0.507036626 -0.633392096 -0.349299759 0.468740940
1403636759763555584.000000 3.374461889 -1.221965909 -1.811283708 -0.500610352 -0.638773978 -0.355738312 0.463473201
1403636760063555584.000000 3.369648695 -1.265035152 -1.832487464 -0.508532703 -0.646936595 -0.345129877 0.451389968
1403636760563555584.000000 3.367026091 -1.318120122 -1.898906946 -0.501518011 -0.643136561 -0.355807751 0.456350654
1403636760813555456.000000 3.365189552 -1.349243522 -1.936738610 -0.500764728 -0.651431918 -0.355054408 0.445878357
1403636761213555456.000000 3.332966328 -1.394994020 -1.991331100 -0.509438932 -0.660956323 -0.339557737 0.433946252
1403636761463555584.000000 3.294958591 -1.397385120 -2.008144617 -0.505327582 -0.655545592 -0.345646650 0.442077398
1403636761913555456.000000 3.224056005 -1.379999876 -1.996125340 -0.510666966 -0.634447098 -0.341940582 0.468799412
1403636762313555456.000000 3.194396019 -1.378713846 -1.967394471 -0.500729442 -0.658375740 -0.360218436 0.431339860
1403636762763555584.000000 3.118546724 -1.347487092 -2.039680481 -0.518990457 -0.629122376 -0.334532589 0.472167343
1403636763213555456.000000 3.158008099 -1.378520727 -2.074455023 -0.540122032 -0.594298542 -0.368067145 0.468619227
1403636763313555456.000000 3.159170866 -1.378016233 -2.081394196 -0.543291271 -0.595521033 -0.363844752 0.466697186
1403636763413555456.000000 3.159722567 -1.383287311 -2.086307287 -0.544165432 -0.595962405 -0.362455964 0.466195703
1403636763813555456.000000 3.164462805 -1.410051942 -2.103840590 0.544035554 0.595319808 0.362796664 -0.466902912
