1403637130738319104.000000 -2.126816273 -1.299117565 -5.091320515 -0.566490352 -0.553739607 -0.400311083 0.460664868
1403637131588318976.000000 -2.126886368 -1.299195051 -5.091183662 -0.566795468 -0.553690732 -0.399899334 0.460706085
1403637134338319104.000000 -2.104940891 -1.317376494 -4.706289768 -0.590777457 -0.535880566 -0.442593724 0.409786403
1403637137238319104.000000 -2.075863361 -1.297379255 -4.579606533 -0.616690457 -0.511959434 -0.438042253 0.407074183
1403637139988318976.000000 -2.082565784 -1.259690285 -5.093236923 -0.601300001 -0.538766921 -0.411680043 0.422715187
1403637142588318976.000000 -2.077819824 -1.269255042 -5.093445301 -0.604982197 -0.517934084 -0.424182028 0.431057423
1403637145088318976.000000 -2.077511549 -1.269006729 -5.093528748 -0.605100811 -0.517834246 -0.423739523 0.431445956
1403637147588318976.000000 -2.077363968 -1.268914104 -5.093588829 -0.605272889 -0.517615259 -0.423650026 0.431555212
1403637150438319104.000000 -1.985154867 -1.222719669 -4.993260860 -0.607499242 -0.561689556 -0.409004837 0.384921402
1403637153388318976.000000 -1.477632642 -0.556607068 -4.548230648 -0.599298000 -0.555669010 -0.420792341 0.393710136
1403637155938319104.000000 -0.811526179 0.286866516 -4.554255009 -0.693195820 -0.433578551 -0.468506217 0.334650755
1403637158838319104.000000 1.516189575 -0.051928330 -4.902404785 -0.798853934 -0.163747072 -0.555466533 0.162715629
1403637161088318976.000000 3.863241434 -1.799689651 -5.204487801 0.828799665 -0.055649027 0.556445599 0.019044414
1403637163988318976.000000 4.595115185 -4.761826038 -5.107198715 0.736390173 -0.354685992 0.551997781 0.165002808
1403637164938319104.000000 3.385682344 -6.009522915 -4.947941303 0.745647609 -0.315697044 0.551854670 0.199503422
1403637167838319104.000000 1.576013923 -7.193977833 -5.202934742 0.753814876 -0.334395766 0.513974249 0.236163497
1403637170738319104.000000 4.245141029 -3.066448689 -5.895364761 -0.763920426 -0.074822061 -0.638682485 0.053962398
1403637173288318976.000000 1.969229579 0.014406160 -5.945277214 -0.842866719 -0.115515932 -0.504485428 0.147398457
1403637173638319104.000000 1.777516961 0.051929690 -6.014343739 -0.838225305 -0.029639319 -0.533459067 0.109184347
1403637173938319104.000000 1.727719784 -0.024307847 -6.119728088 0.855928898 -0.034869529 0.508831918 -0.085205793
1403637174638319104.000000 1.959207296 -0.554807723 -6.024725914 0.801881611 -0.055156142 0.593580544 -0.040073726
1403637177438319104.000000 0.138823897 -4.457034588 -5.937159061 0.830894530 -0.211550564 0.503642023 0.105856016
1403637178938319104.000000 0.538335323 -6.275934696 -6.119547844 0.760096610 -0.266766399 0.546510100 0.228944600
1403637181438319104.000000 3.411152840 -4.996596813 -6.297610760 0.752262115 -0.282897830 0.548231721 0.231327891
1403637183838319104.000000 4.675922871 -1.406307101 -5.705352783 0.715117335 -0.338831335 0.591749132 0.153731927
1403637185188318976.000000 2.545695066 -0.499414146 -5.891889572 0.781871796 -0.327806681 0.500557363 0.175104797
1403637185338319104.000000 2.344807625 -0.508800149 -5.870231628 0.787445486 -0.326919317 0.491715670 0.176831111
1403637185588318976.000000 2.056847811 -0.571454525 -5.789731979 0.792190075 -0.321505785 0.483657479 0.187468037
1403637186388318976.000000 1.448871613 -0.951647341 -5.527422428 0.759132624 -0.306814909 0.532998860 0.213294253
1403637187038319104.000000 1.056479931 -1.244755387 -5.270894527 0.748224914 -0.344932854 0.541925013 0.165825620
1403637187638319104.000000 0.605507791 -1.691503525 -5.262436390 0.765719175 -0.348057002 0.501976252 0.201371118
1403637187988318976.000000 0.392664015 -2.046258450 -5.301710129 0.767662942 -0.352047265 0.495305568 0.203540862
1403637190488318976.000000 -0.584954202 -4.965649605 -5.737918377 0.706005216 -0.397094458 0.519464552 0.272083163
1403637192038319104.000000 -1.352301359 -6.010468006 -5.635183334 0.746112287 -0.348688602 0.495984286 0.275195301
1403637192338319104.000000 -1.411248326 -6.105691910 -5.512709141 0.755716681 -0.349837720 0.478527904 0.278418720
1403637192838319104.000000 -1.315114141 -6.239715576 -5.359402180 0.751706064 -0.372323155 0.483993590 0.249126062
1403637193638319104.000000 -0.918872416 -6.617495537 -5.141841888 0.744961202 -0.366373479 0.496251971 0.254042089
1403637193938319104.000000 -0.723961830 -6.810485840 -5.048269272 0.746399462 -0.360787421 0.494921833 0.260331899
1403637194338319104.000000 -0.414480090 -7.042785645 -5.023732662 0.740363598 -0.361906707 0.502839625 0.260840476
1403637194738319104.000000 -0.057623632 -7.246015072 -4.962599754 0.746037304 -0.367076337 0.492851764 0.256477147
1403637197438319104.000000 2.963199377 -6.432846546 -4.992242336 0.755779743 -0.271896005 0.557544827 0.209793895
1403637199938319104.000000 3.666781425 -0.529591620 -4.612119198 -0.738481462 -0.202067837 -0.611197710 0.200626820
1403637200038319104.000000 3.566923380 -0.293015480 -4.665308475 -0.720292807 -0.219925687 -0.611461103 0.242747650
1403637200138319104.000000 3.457174063 -0.078989893 -4.722351074 -0.700471640 -0.246233582 -0.610983789 0.274604112
1403637200238319104.000000 3.337352276 0.109258674 -4.785282135 -0.690794706 -0.279689878 -0.599581718 0.291681468
1403637202788318976.000000 1.200349569 0.746406853 -5.024164200 -0.768008411 -0.290549159 -0.525387228 0.222963512
1403637205288318976.000000 1.388459682 -0.185315102 -5.078200817 -0.770104885 -0.290631086 -0.532856882 0.196304932
1403637208238319104.000000 0.774856150 -0.382931113 -4.960738659 -0.761797369 -0.298913389 -0.534757257 0.210594907
1403637209238319104.000000 0.610850453 -0.543655753 -4.957837105 -0.751610100 -0.315731257 -0.542416394 0.202930272
1403637212038319104.000000 2.116588593 2.239861250 -5.553140640 -0.763076127 -0.331472874 -0.495626330 0.249389306
1403637212538319104.000000 2.743678093 2.881701946 -5.525707722 -0.744650483 -0.327491581 -0.526671886 0.246701747
1403637212638319104.000000 2.860205173 2.995593548 -5.507392406 -0.750535905 -0.328855217 -0.519559026 0.242091820
1403637212788318976.000000 3.033765316 3.164935589 -5.474852562 -0.754824460 -0.332349241 -0.513991714 0.235789567
1403637213138319104.000000 3.435819626 3.567093611 -5.384146690 -0.755025208 -0.338867813 -0.511039019 0.232260033
1403637213288318976.000000 3.606709719 3.743843555 -5.358993053 -0.755216002 -0.338437319 -0.509001076 0.236700207
1403637213588318976.000000 3.944667339 4.096117020 -5.340900898 -0.746395171 -0.341496617 -0.521312177 0.233469635
1403637213738319104.000000 4.106167793 4.269990444 -5.349445820 -0.742180467 -0.350992501 -0.526645064 0.220493883
1403637213988318976.000000 4.347385883 4.569180012 -5.388958931 -0.740123332 -0.357728213 -0.527554393 0.214322984
1403637214388318976.000000 4.652663708 5.091671467 -5.390253067 -0.708592236 -0.382126719 -0.531297922 0.263816029
1403637214588318976.000000 4.756432056 5.340767860 -5.353018761 -0.674370587 -0.429376155 -0.533666670 0.275790572
1403637214738319104.000000 4.801908016 5.518643379 -5.310469627 -0.649875462 -0.457246274 -0.539453685 0.278527260
1403637215088318976.000000 4.765908718 5.906799316 -5.208651543 -0.633184731 -0.470557630 -0.540517807 0.292392105
1403637216888318976.000000 2.724541903 6.335208893 -4.893256187 -0.545097411 -0.545646787 -0.437981606 0.461855501
1403637217238319104.000000 2.368521690 6.025241375 -4.844051361 -0.570918024 -0.536695838 -0.414486945 0.462828994
1403637217588318976.000000 2.111904144 5.600555420 -4.861860752 -0.578062713 -0.530868232 -0.407436669 0.466923833
1403637217838319104.000000 1.994976401 5.237209320 -4.890926838 -0.526002467 -0.571383178 -0.425978243 0.464096278
1403637218088318976.000000 1.887279034 4.807734013 -4.890222073 -0.494649887 -0.609985888 -0.400446862 0.472102851
1403637218388318976.000000 1.765080333 4.228611946 -4.896852016 -0.482550234 -0.626347780 -0.385038137 0.476003557
1403637218838319104.000000 1.593836308 3.263306618 -4.934110641 -0.488264650 -0.631800830 -0.382334739 0.465022057
1403637219038319104.000000 1.508356810 2.817494869 -4.989120960 -0.483987153 -0.638284385 -0.393259257 0.451327622
1403637219388318976.000000 1.317036152 2.008727789 -5.103031635 -0.489594698 -0.637794018 -0.389871150 0.448905766
1403637220588318976.000000 0.359391898 -0.448361814 -4.876024723 -0.528389394 -0.630017400 -0.345436126 0.452279389
1403637223488318976.000000 -0.616410851 -2.459026814 -5.013539314 -0.638963223 -0.519082427 -0.436497420 0.362973005
1403637225888318976.000000 -0.747241139 -2.423864365 -5.049480915 -0.628628075 -0.527022183 -0.442954719 0.361753315
1403637226638319104.000000 -0.961594582 -2.507736444 -4.914903641 -0.632063985 -0.534005165 -0.436828882 0.352865666
1403637227438319104.000000 -1.209233642 -2.474825621 -4.930548191 -0.639764488 -0.517274678 -0.432136148 0.369305700
1403637227938319104.000000 -1.259455204 -2.400584221 -4.952920914 -0.639432430 -0.510976911 -0.437651128 0.372142732
1403637229438319104.000000 -1.427853465 -2.433108807 -4.989924431 -0.638266087 -0.508543313 -0.453139514 0.358698606
1403637230788318976.000000 -1.443044186 -2.502521992 -5.110619068 -0.757460892 -0.285480887 -0.545231938 0.217889473
1403637231088318976.000000 -1.434080124 -2.512375832 -5.062811852 -0.804042101 -0.212511659 -0.528743505 0.169662639
1403637231188318976.000000 -1.422432184 -2.519511700 -5.065176487 -0.813903451 -0.179204538 -0.532005012 0.149724767
1403637231438319104.000000 -1.371109247 -2.546214342 -5.139214039 -0.826394320 -0.081586815 -0.548983395 0.095042951
1403637231938319104.000000 -1.199828744 -2.686092138 -5.448260784 0.829240859 -0.107451722 0.548020184 0.022084462
1403637232438319104.000000 -0.965856910 -2.989805937 -5.563248634 0.779958963 -0.225129440 0.572937012 0.112800978
1403637232788318976.000000 -0.868019998 -3.288429022 -5.558046341 0.765927732 -0.328031123 0.535853624 0.136423081
1403637233238319104.000000 -0.793083489 -3.858020306 -5.463002682 0.782193363 -0.359738469 0.478695035 0.172084033
1403637235888318976.000000 2.840878725 -4.851324558 -6.301378727 0.805008888 -0.074854769 0.578104556 0.110238150
1403637236038319104.000000 3.056335926 -4.687278748 -6.276114464 0.802830696 -0.033637170 0.584334671 0.113510013
1403637236188318976.000000 3.260904551 -4.488643169 -6.236180782 -0.805054963 0.000756309 -0.584248066 -0.102665626
1403637239038319104.000000 1.833119631 -0.465135574 -4.657851219 0.861736000 -0.193031549 0.464384466 -0.067058936
1403637239238319104.000000 1.627609491 -0.771980226 -4.579914093 0.859356463 -0.176272884 0.479865670 -0.012781964
1403637239438319104.000000 1.496963620 -1.165196538 -4.514967918 0.843378127 -0.190929338 0.501661301 0.024399849
1403637239538319104.000000 1.449028134 -1.382900476 -4.502346992 0.834993839 -0.209195584 0.507222831 0.041804787
1403637239688318976.000000 1.391268134 -1.730660439 -4.519101143 0.820226252 -0.240318954 0.514005840 0.072620869
1403637239838319104.000000 1.347243905 -2.100617647 -4.567478657 0.794506848 -0.262814313 0.534173131 0.119777478
1403637240488318976.000000 1.140176535 -3.688279390 -4.955326557 0.744061410 -0.384103984 0.488730431 0.244906902
1403637240938319104.000000 1.080669403 -4.756771564 -5.117087841 0.731899381 -0.371838748 0.498291433 0.278863609
1403637241138319104.000000 1.093913436 -5.207289219 -5.165083885 0.731928945 -0.367059946 0.503623545 0.275518388
1403637241438319104.000000 1.147280931 -5.834262848 -5.276726723 0.740492105 -0.347630054 0.498755902 0.286474258
1403637241688318976.000000 1.237808704 -6.290125847 -5.356069565 0.737333477 -0.327583611 0.506823778 0.303575516
1403637242038319104.000000 1.436340690 -6.765211105 -5.402131557 0.709812224 -0.329994529 0.549394608 0.292293936
1403637242488318976.000000 1.693069816 -7.080439091 -5.388726711 0.717724681 -0.312329739 0.529230893 0.327469200
1403637242838319104.000000 1.927404642 -7.059842110 -5.384572029 0.723327041 -0.292116731 0.554425240 0.289962828
1403637243288318976.000000 2.208507776 -6.725071430 -5.330464840 0.741513908 -0.272824138 0.554217398 0.261853606
1403637243688318976.000000 2.427207470 -6.228110313 -5.337098122 0.751800895 -0.293997258 0.542272270 0.233027399
1403637244138319104.000000 2.647041082 -5.621282101 -5.201778889 0.754202664 -0.327428252 0.532548070 0.200902149
1403637244338319104.000000 2.726486683 -5.386631966 -5.088776112 0.753168821 -0.330260456 0.531220615 0.203640610
1403637244688318976.000000 2.852844000 -5.025157928 -4.863694191 0.776597619 -0.294785857 0.518340111 0.203275964
1403637245088318976.000000 3.044655800 -4.666396618 -4.682477951 0.795149922 -0.273934841 0.513993382 0.168840170
1403637245438319104.000000 3.277575970 -4.435118675 -4.593017101 0.798151433 -0.263836205 0.512772322 0.174382940
1403637245888318976.000000 3.691493034 -4.215613365 -4.560608387 0.802705944 -0.197479427 0.543881238 0.144424215
1403637246338319104.000000 4.150331497 -3.975294352 -4.630723476 0.810883105 -0.036858827 0.582614899 0.040864348
1403637246688318976.000000 4.457776070 -3.742105722 -4.742175102 -0.789247215 -0.111876503 -0.602593780 0.038122088
1403637246988318976.000000 4.621387005 -3.492237568 -4.828747749 -0.774447858 -0.204926282 -0.589729190 0.102250956
1403637247238319104.000000 4.685414791 -3.260533571 -4.877720833 -0.786428869 -0.232164666 -0.557069600 0.131539717
1403637247488318976.000000 4.717663765 -3.014829636 -4.941263676 -0.762446165 -0.226646632 -0.587375402 0.149323270
1403637247788318976.000000 4.690404892 -2.718345165 -5.046285629 -0.750342488 -0.254599780 -0.592341125 0.145934969
1403637248188318976.000000 4.481183052 -2.311927557 -5.120947361 -0.744216919 -0.300457001 -0.564055920 0.194184840
1403637248588318976.000000 4.155166149 -1.916462064 -5.199850559 -0.738178015 -0.316749185 -0.555356979 0.215271488
1403637249238319104.000000 3.492367744 -1.299774528 -5.170672894 -0.755602062 -0.306822926 -0.543628812 0.198476344
1403637249688318976.000000 2.987712860 -0.849240839 -5.142439365 -0.754055202 -0.301569402 -0.548039138 0.200274318
1403637250038319104.000000 2.564549208 -0.498762101 -5.188941479 -0.742459238 -0.315254956 -0.546713054 0.224663049
1403637252838319104.000000 0.694257498 0.656955123 -4.879981041 -0.707979321 -0.422346771 -0.466314137 0.320842236
1403637254338319104.000000 0.458013117 0.345860004 -4.802075863 -0.680407822 -0.444803208 -0.491686940 0.312152803
1403637254838319104.000000 0.305670649 0.187178835 -4.721675396 -0.668892205 -0.461334020 -0.482545644 0.326961666
1403637256988318976.000000 -0.709274530 -0.640812457 -4.682618618 -0.593126059 -0.564323604 -0.405970395 0.406113863
1403637257288318976.000000 -0.867396116 -0.765621424 -4.680728912 -0.571555614 -0.582056284 -0.406835437 0.411119968
1403637257588318976.000000 -1.026291132 -0.885685980 -4.646197796 -0.563125730 -0.595557988 -0.401638299 0.408517778
1403637257888318976.000000 -1.196523428 -0.991107166 -4.659466267 -0.565311611 -0.607745171 -0.380752623 0.407548964
1403637258138319104.000000 -1.343834281 -1.051731467 -4.690312386 -0.544883907 -0.626598775 -0.360697538 0.424703151
1403637258538319104.000000 -1.579814196 -1.098319054 -4.711606979 -0.504266202 -0.646920085 -0.342179447 0.458392143
1403637258938319104.000000 -1.788182378 -1.127073169 -4.785101414 -0.498563468 -0.642752945 -0.341299236 0.470975548
1403637259438319104.000000 -1.979591131 -1.153872728 -4.750487804 -0.506306946 -0.634888649 -0.339237362 0.474855363
1403637259938319104.000000 -2.056358099 -1.184029937 -4.741317272 -0.509841442 -0.634041905 -0.338068277 0.473035306
1403637260288318976.000000 -2.050294638 -1.205970287 -4.789157867 -0.499638408 -0.642609239 -0.351384848 0.462540269
1403637260688318976.000000 -2.045694590 -1.242310286 -4.877223015 -0.499921501 -0.657251656 -0.348903626 0.443130910
1403637260988318976.000000 -2.073617220 -1.259449482 -4.944374084 -0.493125409 -0.646724939 -0.355871618 0.460358143
1403637261288318976.000000 -2.111751318 -1.279581904 -5.010899544 -0.502283990 -0.657596529 -0.342504531 0.444936305
1403637261738319104.000000 -2.182168245 -1.280593514 -5.039306641 -0.506719887 -0.657467484 -0.337678432 0.443784475
1403637262188318976.000000 -2.254628658 -1.236417055 -5.048062801 -0.500939012 -0.637863874 -0.351025581 0.467943311
1403637262588318976.000000 -2.250796080 -1.247850418 -5.073561668 -0.519301474 -0.594074130 -0.370825678 0.489785939
1403637262788318976.000000 -2.249375820 -1.245573044 -5.079714775 -0.526183248 -0.598834872 -0.364917606 0.481002301
1403637263288318976.000000 -2.250084400 -1.244337201 -5.080424309 -0.526058257 -0.600048423 -0.364350468 0.480055571
1403637263788318976.000000 -2.250375271 -1.244529009 -5.079983711 -0.526383936 -0.599781454 -0.363874465 0.480393231
1403637264288318976.000000 -2.250018597 -1.245124578 -5.079820633 -0.526432037 -0.599846959 -0.363853425 0.480274469
1403637264788318976.000000 -2.250171185 -1.244695425 -5.080024242 -0.526595831 -0.599826396 -0.363615870 0.480300546
1403637265288318976.000000 -2.250025272 -1.244763732 -5.079808235 -0.526711702 -0.599936426 -0.363487065 0.480133563
