1403638527627829504.000000 9.283756256 -12.293360710 0.280888885 -0.556922734 -0.601898074 -0.391279548 0.417679518
1403638529727829504.000000 8.679059982 -12.345569611 0.202625617 -0.540950239 -0.659207880 -0.337228149 0.398867249
1403638529977829376.000000 8.664570808 -12.357383728 0.156752914 -0.535050213 -0.649154305 -0.347260594 0.414403379
1403638530327829504.000000 8.654805183 -12.315011024 0.120187491 -0.547710299 -0.642253816 -0.348307312 0.407683074
1403638531277829376.000000 8.657743454 -12.273967743 0.078929983 -0.552401006 -0.635353744 -0.353813559 0.407424599
1403638533777829376.000000 8.657238960 -12.274703026 0.078385428 -0.551084757 -0.633872747 -0.355575472 0.409972161
1403638536277829376.000000 8.657308578 -12.274683952 0.078468516 -0.551122010 -0.633918166 -0.355376512 0.410024315
1403638538777829376.000000 8.657241821 -12.274255753 0.079207063 -0.550628841 -0.633245289 -0.356071532 0.411121994
1403638539977829376.000000 8.632788658 -12.174484253 0.256949246 -0.541290104 -0.631077349 -0.359745681 0.423473150
1403638542177829376.000000 7.844669819 -11.344171524 0.504938543 -0.343393952 -0.750844419 -0.239069700 0.511037290
1403638542477829376.000000 7.622039795 -11.261070251 0.532686293 -0.276325196 -0.769570529 -0.213501230 0.534624040
1403638542927829504.000000 7.271974087 -11.214962959 0.592388988 -0.255909741 -0.779488206 -0.195246473 0.537389338
1403638543327829504.000000 6.949701309 -11.247671127 0.688806176 -0.268155515 -0.779700339 -0.186546639 0.534191430
1403638543777829376.000000 6.567007065 -11.293579102 0.719593346 -0.213769495 -0.798274875 -0.159268454 0.540086508
1403638544927829504.000000 5.467367649 -11.427753448 0.899999797 -0.138827994 -0.811239660 -0.093400404 0.560262024
1403638545727829504.000000 4.727646828 -11.490810394 0.845839918 -0.107152335 -0.815694571 -0.069169156 0.564248502
1403638546027829504.000000 4.458081722 -11.521293640 0.876829326 -0.038506139 -0.824093342 -0.032860335 0.564187706
1403638546427829504.000000 4.096661568 -11.571263313 0.901283860 -0.001107018 -0.826196671 -0.001680207 0.563378215
1403638546627829504.000000 3.911896706 -11.602134705 0.889100671 0.007094714 -0.826510847 0.002804854 0.562869072
1403638548477829376.000000 1.968011737 -12.302106857 0.879838467 0.077440239 -0.826468289 0.046412554 0.555696964
1403638548677829376.000000 1.732365966 -12.423393250 0.908041418 0.096180581 -0.823754668 0.060776442 0.555413306
1403638549077829376.000000 1.250514865 -12.672369957 0.977985740 0.106922239 -0.822712362 0.069312625 0.553992569
1403638549477829376.000000 0.757950664 -12.928488731 1.128184080 0.099570245 -0.821425319 0.075674124 0.556434870
1403638550327829504.000000 -0.343457311 -13.430984497 1.498499513 0.097167991 -0.821960092 0.076437928 0.555965066
1403638550627829504.000000 -0.750826120 -13.586457253 1.668687701 0.092790797 -0.818928301 0.084521055 0.560002148
1403638550727829504.000000 -0.887184620 -13.633197784 1.713536263 0.091149837 -0.816269398 0.086844735 0.563785374
1403638551127829504.000000 -1.412704825 -13.778435707 1.860813141 0.086748317 -0.799771428 0.091447942 0.586922288
1403638551527829504.000000 -1.845825434 -13.825750351 2.013572931 0.050816055 -0.810247838 0.083511673 0.577877223
1403638554327829504.000000 -2.718730688 -11.733819962 2.617286444 -0.012707205 -0.814695835 -0.010352190 0.579656959
1403638556227829504.000000 -1.595019460 -10.121551514 2.820350647 -0.063327312 -0.824462533 -0.030242994 0.561548352
1403638559127829504.000000 -1.417999506 -6.959128857 3.308867216 -0.069698147 -0.824644566 -0.030111941 0.560532689
1403638562027829504.000000 -2.188807011 -4.481870651 2.874579430 -0.344024062 -0.735621989 -0.243846685 0.530138314
1403638563377829376.000000 -1.521395922 -3.986652851 2.830506325 -0.533070862 -0.598688424 -0.359404176 0.477740735
1403638563727829504.000000 -1.218327999 -3.951952219 2.767350197 -0.537828147 -0.594558120 -0.363511562 0.474447995
1403638564177829376.000000 -0.718521714 -4.003119946 2.775542021 -0.531130910 -0.600375235 -0.351981372 0.483279139
1403638564477829376.000000 -0.314870536 -4.084021568 2.786387444 -0.516853690 -0.605916083 -0.357313573 0.487908870
1403638566777829376.000000 3.978860140 -5.739296913 1.818869352 -0.528284550 -0.641590178 -0.345514387 0.435772121
1403638566877829376.000000 4.154928684 -5.827390671 1.733446717 -0.532199144 -0.648719192 -0.336899877 0.427113593
1403638567577829376.000000 5.262711048 -6.308037758 1.104296446 -0.513452411 -0.634248376 -0.365908414 0.447444558
1403638567877829376.000000 5.672501564 -6.508330822 0.899006844 -0.522010446 -0.640090764 -0.360819012 0.433126509
1403638570227829504.000000 7.009552002 -7.128701687 0.389407128 -0.520417213 -0.637523115 -0.367592126 0.433135420
1403638573127829504.000000 9.195787430 -7.852681160 -0.035304099 -0.758666635 -0.356962740 -0.492911220 0.232467204
1403638573527829504.000000 9.735405922 -7.874742031 0.000653487 -0.757879138 -0.361096442 -0.492349654 0.229826987
1403638573677829376.000000 9.943231583 -7.855519772 0.038502023 -0.758652806 -0.360667497 -0.493410558 0.225634247
1403638573977829376.000000 10.358803749 -7.777141571 0.121822268 -0.758729279 -0.323187143 -0.524124444 0.212540939
1403638574327829504.000000 10.821503639 -7.680127144 0.158517018 -0.779384553 -0.221253201 -0.550120533 0.202420920
1403638574627829504.000000 11.200156212 -7.654129982 0.163660601 -0.796184182 -0.167027131 -0.560149670 0.156285092
1403638574927829504.000000 11.563776970 -7.661234379 0.212016642 -0.806299865 -0.161014512 -0.555928886 0.122057505
1403638575277829376.000000 11.980199814 -7.675248146 0.227635533 -0.812163889 -0.151201829 -0.546325803 0.138043627
1403638575577829376.000000 12.355327606 -7.707364082 0.201825902 -0.817210376 -0.164640605 -0.535966277 0.133419439
1403638576327829504.000000 13.425421715 -7.718672276 0.352149129 -0.813921630 -0.189081505 -0.537420869 0.113835365
1403638576477829376.000000 13.656019211 -7.692205429 0.387162685 -0.812759519 -0.194232568 -0.538997352 0.105723388
1403638576777829376.000000 14.120114326 -7.591290474 0.427720249 -0.807588756 -0.202069893 -0.546042264 0.093840770
1403638576977829376.000000 14.420557976 -7.486046314 0.431527317 -0.800679505 -0.192997381 -0.556994677 0.106870629
1403638577377829376.000000 14.982476234 -7.229979038 0.468140244 -0.799882948 -0.191213861 -0.558396816 0.108709142
1403638577527829504.000000 15.180227280 -7.122054100 0.505262673 -0.799588025 -0.194532096 -0.558446586 0.104660220
1403638577927829504.000000 15.673919678 -6.793043137 0.544289291 -0.802089930 -0.191212073 -0.554493845 0.112366304
1403638578027829504.000000 15.790858269 -6.703039169 0.547512650 -0.801077604 -0.192227155 -0.555618763 0.112299941
1403638578827829504.000000 16.693910599 -5.964627266 0.624518454 -0.800775290 -0.184038296 -0.556352794 0.123937421
1403638578927829504.000000 16.799922943 -5.879374027 0.621032774 -0.799361885 -0.186861515 -0.558349848 0.119786099
1403638579027829504.000000 16.903907776 -5.791615963 0.622926533 -0.798456371 -0.189096406 -0.559272528 0.118001029
1403638579477829376.000000 17.345817566 -5.371547222 0.706872165 -0.799813867 -0.178129092 -0.556548476 0.137191892
1403638582327829504.000000 18.567842484 -3.835345507 0.679105997 -0.664604247 -0.467414737 -0.481820315 0.328136891
1403638585177829376.000000 17.562635422 -3.656172991 1.419917583 -0.670162678 -0.468502760 -0.474539340 0.325882822
1403638588127829504.000000 15.206717491 -4.119377613 1.414329290 -0.669739604 -0.464554429 -0.478748918 0.326247841
1403638589377829376.000000 14.052400589 -4.386676788 1.301444888 -0.668264925 -0.460903853 -0.481422842 0.330487251
1403638591677829376.000000 12.134984970 -5.036833286 1.196893692 -0.702001691 -0.470588893 -0.437982380 0.306449354
1403638592627829504.000000 11.819661140 -4.742580414 1.335556746 -0.654989302 -0.497745037 -0.437566966 0.363006860
1403638593077829376.000000 11.801671982 -4.560874462 1.528116822 -0.649043739 -0.526647329 -0.416087091 0.358128995
1403638594077829376.000000 11.820998192 -4.013595104 1.882737637 -0.615219712 -0.517238736 -0.453427136 0.385191798
1403638594877829376.000000 11.682473183 -3.847230911 2.207082033 -0.611614883 -0.530246913 -0.441628695 0.386948973
1403638596627829504.000000 11.108470917 -3.980148077 2.269585609 -0.582110524 -0.565650880 -0.481172711 0.331148326
1403638597027829504.000000 10.614033699 -4.025068760 2.404294252 -0.572699010 -0.570577621 -0.492393851 0.322498530
1403638597427829504.000000 9.856565475 -4.072461128 2.485793829 -0.575513244 -0.558521032 -0.494131327 0.335667908
1403638597627829504.000000 9.396574974 -4.108530045 2.493235111 -0.583722353 -0.542268991 -0.485755265 0.359519601
1403638597927829504.000000 8.653005600 -4.193078518 2.468510866 -0.570284605 -0.558474839 -0.489832461 0.350635886
1403638598227829504.000000 7.827947140 -4.315240860 2.450513124 -0.577102721 -0.556298852 -0.462423235 0.379010409
1403638598327829504.000000 7.542371750 -4.365402699 2.449982166 -0.584366858 -0.553868532 -0.449859351 0.386486381
1403638598427829504.000000 7.258150101 -4.417324543 2.444495440 -0.588450968 -0.553253770 -0.442886949 0.389213204
1403638598827829504.000000 6.141679764 -4.643245697 2.381134987 -0.571076989 -0.576570809 -0.423554480 0.402540565
1403638598927829504.000000 5.869330883 -4.702391148 2.368341923 -0.560270786 -0.587977111 -0.416530758 0.408511519
1403638599127829504.000000 5.330430984 -4.824062347 2.359021664 -0.535373032 -0.610807657 -0.399741441 0.424848795
1403638599227829504.000000 5.063237190 -4.888755322 2.362843513 -0.521777332 -0.623248756 -0.390841544 0.431917101
1403638599427829504.000000 4.534087658 -5.023082256 2.391155005 -0.497813553 -0.647971869 -0.370285749 0.441817433
1403638599727829504.000000 3.758671522 -5.226632595 2.432224989 -0.485687643 -0.663975894 -0.353757352 0.445083410
1403638600427829504.000000 2.052883148 -5.599810600 2.345909357 -0.530595124 -0.640956044 -0.307441711 0.461653411
1403638600677829376.000000 1.550348043 -5.659468651 2.335528135 -0.536813438 -0.639356136 -0.302507281 0.459939539
1403638600877829376.000000 1.205097556 -5.665117264 2.360735655 -0.533995867 -0.650978148 -0.305211902 0.444883704
1403638600977829376.000000 1.046988964 -5.653645039 2.374966860 -0.524495423 -0.660818100 -0.317313403 0.433054596
1403638601177829376.000000 0.740126431 -5.604818821 2.387471199 -0.512286246 -0.668782949 -0.332177311 0.424205601
1403638601577829376.000000 0.114208058 -5.439652443 2.400923967 -0.475477159 -0.670550346 -0.337266117 0.458841354
1403638601677829376.000000 -0.044559039 -5.394092560 2.416282892 -0.457868129 -0.680569768 -0.329908252 0.467270881
1403638601777829376.000000 -0.203696102 -5.350490093 2.438077927 -0.435796589 -0.693633258 -0.320566118 0.475596100
1403638602027829504.000000 -0.606434703 -5.255505562 2.511905909 -0.381448865 -0.723736882 -0.291991085 0.495421946
1403638602477829376.000000 -1.338792324 -5.148947716 2.596067429 -0.306494474 -0.723480880 -0.250013918 0.565800011
1403638604527829504.000000 -1.850819468 -6.234012604 2.884737015 -0.155782625 -0.791574001 -0.127247557 0.577018499
1403638604977829376.000000 -1.621814609 -6.707699776 2.890499830 -0.167664602 -0.802824378 -0.111659922 0.561153948
1403638605527829504.000000 -1.385132551 -7.222048283 2.967392206 -0.148385003 -0.807745874 -0.137408465 0.553757668
1403638606227829504.000000 -1.255541086 -8.020715714 3.046544552 -0.131175220 -0.806873679 -0.165275708 0.551753402
1403638606477829376.000000 -1.253997087 -8.398256302 3.032478333 -0.152402401 -0.815557659 -0.140444532 0.540291309
1403638606777829376.000000 -1.300360084 -8.863614082 2.967294693 -0.154332817 -0.828944683 -0.108549975 0.526544452
1403638607027829504.000000 -1.397374511 -9.229647636 2.907572746 -0.116610259 -0.838190854 -0.076051451 0.527308702
1403638607177829376.000000 -1.482461572 -9.433224678 2.896463871 -0.097311586 -0.835662901 -0.054760672 0.537772536
1403638607277829376.000000 -1.547151566 -9.561231613 2.892547846 -0.085610047 -0.827641845 -0.048728812 0.552544594
1403638608027829504.000000 -2.038902521 -10.365695000 2.667093992 -0.083537534 -0.817727566 -0.029240757 0.568760037
1403638609077829376.000000 -2.503029346 -11.115889549 2.050210476 -0.082178973 -0.811278403 -0.040266536 0.577453554
1403638609427829504.000000 -2.556190968 -11.296120644 1.907825470 -0.086819008 -0.808356643 -0.033920940 0.581267118
1403638609827829504.000000 -2.573292017 -11.442833900 1.665925980 -0.082601666 -0.811204255 -0.041139029 0.577435911
1403638610277829376.000000 -2.552023172 -11.553166389 1.469593644 -0.082953729 -0.801490068 -0.041651729 0.590760052
1403638610627829504.000000 -2.477279186 -11.606258392 1.283702493 -0.080427684 -0.789433718 -0.045454230 0.606844008
1403638610977829376.000000 -2.315666437 -11.641556740 1.112442613 -0.082272954 -0.801544964 -0.038183521 0.591015160
1403638611327829504.000000 -2.098004580 -11.645441055 0.959688187 -0.078519464 -0.798237681 -0.039264832 0.595910847
1403638611777829376.000000 -1.730739236 -11.652143478 0.828773022 -0.069577165 -0.806828618 -0.056410670 0.583955884
1403638612177829376.000000 -1.378695846 -11.684190750 0.700860441 -0.084026501 -0.811219990 -0.040328674 0.577265441
1403638612527829504.000000 -1.078142047 -11.684063911 0.646310151 -0.082547173 -0.808829427 -0.046796888 0.580336869
1403638612877829376.000000 -0.770202577 -11.676208496 0.540262103 -0.079305314 -0.805115223 -0.062310528 0.584480584
1403638613227829504.000000 -0.448817670 -11.695229530 0.471847266 -0.085625157 -0.807725132 -0.058229078 0.580394626
1403638613727829504.000000 0.015010089 -11.747603416 0.438088328 -0.098190106 -0.799119532 -0.059345778 0.590122819
1403638614127829504.000000 0.429037213 -11.789843559 0.313286364 -0.143033713 -0.791978002 -0.093018211 0.586225152
1403638614527829504.000000 0.888023376 -11.834888458 0.220114976 -0.193885818 -0.788691044 -0.121055439 0.570719063
1403638614727829504.000000 1.121377826 -11.852687836 0.221078932 -0.220379874 -0.783469915 -0.125775188 0.567263842
1403638614977829376.000000 1.423889399 -11.854262352 0.267240167 -0.271823883 -0.776881456 -0.140864715 0.550203621
1403638615227829504.000000 1.736215115 -11.816498756 0.345124662 -0.320946783 -0.754574060 -0.197256312 0.537309229
1403638615427829504.000000 1.988539577 -11.771827698 0.409709930 -0.364504069 -0.729121447 -0.242477462 0.526045144
1403638615627829504.000000 2.236141920 -11.728110313 0.451752573 -0.405255407 -0.705811381 -0.275097996 0.511780739
1403638615827829504.000000 2.477930307 -11.690683365 0.496796370 -0.427489817 -0.692600429 -0.290025353 0.503430724
1403638616127829504.000000 2.843462706 -11.646340370 0.569044352 -0.459025860 -0.672863662 -0.309111416 0.490917444
1403638616277829376.000000 3.027926445 -11.627258301 0.564361036 -0.480589390 -0.658550918 -0.321266621 0.481801182
1403638616627829504.000000 3.463091135 -11.588668823 0.458858401 -0.527131319 -0.629183114 -0.346333295 0.454218417
1403638617227829504.000000 4.209431648 -11.432026863 0.274019182 -0.536040306 -0.634416401 -0.349034220 0.433995068
1403638617477829376.000000 4.512339592 -11.309208870 0.275311440 -0.534830570 -0.646069109 -0.341270566 0.424364775
1403638617777829376.000000 4.842508316 -11.117101669 0.342046201 -0.525909841 -0.650094569 -0.344723314 0.426569670
1403638618177829376.000000 5.220743179 -10.796882629 0.484548271 -0.521004915 -0.652278602 -0.342742145 0.430829853
1403638618777829376.000000 5.669485092 -10.222755432 0.584409535 -0.520433128 -0.649115801 -0.350997865 0.429649413
1403638619427829504.000000 6.011900902 -9.532307625 0.652288258 -0.588965178 -0.566991508 -0.415642470 0.398600131
1403638619577829376.000000 6.075509548 -9.383760452 0.631179035 -0.606000900 -0.547064960 -0.424508393 0.391504169
1403638622377829376.000000 7.638874531 -7.930482388 0.269493133 -0.601726651 -0.532001615 -0.441416353 0.400063753
1403638625127829504.000000 8.202959061 -9.920410156 0.350127250 -0.606487155 -0.540477335 -0.424999416 0.399290770
1403638625277829376.000000 8.226870537 -10.084995270 0.344711542 -0.605928838 -0.542599857 -0.420978278 0.401513338
1403638625677829376.000000 8.305991173 -10.516671181 0.358567059 -0.605306745 -0.545181632 -0.419095218 0.400923908
1403638625827829504.000000 8.340523720 -10.675117493 0.377910972 -0.610577822 -0.549590230 -0.412226588 0.393972725
1403638626277829376.000000 8.461141586 -11.111607552 0.374450922 -0.612018943 -0.549811780 -0.413332790 0.390250891
1403638626527829504.000000 8.533051491 -11.330724716 0.338118374 -0.604363620 -0.553439915 -0.423979968 0.385603398
1403638626827829504.000000 8.604200363 -11.573642731 0.296108514 -0.611341238 -0.558382392 -0.413184553 0.379143119
1403638627127829504.000000 8.663187981 -11.767383575 0.298157930 -0.612043083 -0.560623646 -0.410375357 0.377751857
1403638627427829504.000000 8.714317322 -11.917475700 0.275501251 -0.609173179 -0.562670350 -0.413226634 0.376236677
1403638627627829504.000000 8.742185593 -11.994177818 0.249201223 -0.606753290 -0.561583519 -0.417503715 0.377047956
1403638628077829376.000000 8.776484489 -12.122553825 0.181107968 -0.605636835 -0.561009645 -0.421460927 0.375290334
1403638628477829376.000000 8.765399933 -12.190249443 0.144634381 -0.610596895 -0.555461049 -0.417388141 0.380028516
1403638628627829504.000000 8.754151344 -12.203373909 0.143375173 -0.610525668 -0.542432010 -0.417705089 0.398181260
1403638629027829504.000000 8.747621536 -12.243010521 0.114563569 -0.606894612 -0.547762394 -0.424174905 0.389501035
1403638629427829504.000000 8.739768028 -12.277961731 0.098321021 -0.608209372 -0.556015611 -0.422359258 0.377545565
1403638629927829504.000000 8.711672783 -12.269572258 0.097752005 -0.614358425 -0.537149966 -0.416391253 0.400814235
1403638630377829376.000000 8.716389656 -12.260925293 -0.009735510 -0.616190732 -0.561350822 -0.411889881 0.368158907
1403638630527829504.000000 8.709394455 -12.243332863 0.006691271 -0.603412986 -0.548017859 -0.428740650 0.389551997
1403638630677829376.000000 8.703616142 -12.229385376 -0.013972750 -0.613511622 -0.563688397 -0.409858763 0.371314973
1403638630777829376.000000 8.708093643 -12.226928711 -0.016783565 -0.612994134 -0.572625995 -0.406333774 0.362257719
1403638630927829504.000000 8.708985329 -12.233658791 -0.018452100 -0.612891138 -0.570641577 -0.404838026 0.367204219
1403638631427829504.000000 8.709083557 -12.248253822 -0.013177173 -0.613345027 -0.570472240 -0.404301792 0.367300302
